"species","x","y","wc2.1_2.5m_bio_1","wc2.1_2.5m_bio_10","wc2.1_2.5m_bio_11","wc2.1_2.5m_bio_12","wc2.1_2.5m_bio_13","wc2.1_2.5m_bio_14","wc2.1_2.5m_bio_15","wc2.1_2.5m_bio_16","wc2.1_2.5m_bio_17","wc2.1_2.5m_bio_18","wc2.1_2.5m_bio_19","wc2.1_2.5m_bio_2","wc2.1_2.5m_bio_3","wc2.1_2.5m_bio_4","wc2.1_2.5m_bio_5","wc2.1_2.5m_bio_6","wc2.1_2.5m_bio_7","wc2.1_2.5m_bio_8","wc2.1_2.5m_bio_9"
"background",1,1,12.8356666564941,25.1919994354248,0.261333376169205,647,100,14,53.1484413146973,274,56,257,56,13.9713325500488,33.6723556518555,1008.15881347656,33.7959976196289,-7.69599962234497,41.4919967651367,22.7000007629395,0.261333376169205
"background",2,2,2.24616670608521,17.195333480835,-14.4033336639404,436,79,13,59.9853591918945,203,50,200,50,12.0303335189819,25.3419551849365,1284.44787597656,25.1000003814697,-22.3719997406006,47.4720001220703,14.9940004348755,-14.4033336639404
"background",3,3,1.97966659069061,14.2526664733887,-11.5780000686646,482,77,22,49.5324974060059,217,68,217,82,11.3846664428711,28.4844532012939,1063.45935058594,21.2840003967285,-18.6840000152588,39.9680023193359,14.2526664733887,-3.79466676712036
"background",4,4,11.8501663208008,22.1560001373291,2.52066659927368,378,47,11,31.746711730957,127,54,86,110,16.3836669921875,43.0876998901367,808.335021972656,32.9679985046387,-5.05600023269653,38.023998260498,3.92999982833862,14.7280006408691
"background",5,5,4.29150009155273,14.9060001373291,-6.03266668319702,445,50,28,16.6996765136719,128,89,95,119,13.6383333206177,36.9122352600098,857.335876464844,25.5160007476807,-11.4320001602173,36.9480018615723,2.71199989318848,14.8699998855591
"background",6,6,2.29416656494141,10.1800003051758,-4.93466663360596,1285,174,63,38.2726364135742,492,205,205,407,10.2243337631226,37.1092224121094,629.926452636719,17.3120002746582,-10.2399997711182,27.5520000457764,-1.63200008869171,10.1800003051758
"background",7,7,10.952166557312,20.8239994049072,1.63266670703888,363,53,11,39.9009666442871,134,46,113,88,17.9056663513184,46.2105560302734,784.039001464844,31.9440002441406,-6.80399990081787,38.7480010986328,20.4906673431396,13.8386669158936
"background",8,8,6.30816650390625,18.4220008850098,-6.27933311462402,338,35,20,14.3861408233643,94,69,84,69,17.8990001678467,38.8028984069824,994.474975585938,30.8999996185303,-15.2279996871948,46.1279983520508,13.7586669921875,-3.89866662025452
"background",9,9,13.3566665649414,22.7439994812012,3.6560001373291,1259,120,90,9.59850692749023,346,278,333,282,13.510666847229,39.8450698852539,771.108276367188,30.2280006408691,-3.6800000667572,33.9080009460449,20.8713340759277,5.09999990463257
"background",10,10,9.60966682434082,19.1793327331543,0.912666618824005,408,57,12,38.1385040283203,141,52,141,106,14.5813331604004,42.1718330383301,747.470458984375,28.7159996032715,-5.8600001335144,34.576000213623,19.1793327331543,11.5579996109009
"background",11,11,3.89066648483276,16.6893329620361,-9.739333152771,970,110,46,22.301362991333,302,167,260,194,10.2946662902832,25.6239204406738,1077.98156738281,23.6840000152588,-16.492000579834,40.1760025024414,12.0453329086304,-9.00266647338867
"background",12,12,12.7589998245239,24.5380001068115,1.52533328533173,190,27,5,35.7184944152832,69,27,54,41,14.0419998168945,35.7411918640137,933.778869628906,34.2439994812012,-5.04400014877319,39.2879981994629,23.6273326873779,17.1473331451416
"background",13,13,15.6706666946411,25.3673324584961,5.98733329772949,343,68,8,71.7711563110352,178,29,156,35,16.8973331451416,45.6832847595215,784.636596679688,33.923999786377,-3.06399989128113,36.9879989624023,24.1773338317871,7.81466674804688
"background",14,14,-6.06483316421509,13.2686672210693,-24.9966659545898,271,47,9,53.0369300842285,118,30,108,41,9.56033325195312,18.3979930877686,1564.50073242188,20.6480007171631,-31.3159999847412,51.9640007019043,10.8459997177124,-16.9093341827393
"background",15,15,13.3765001296997,17.2919998168945,9.36999988555908,1013,210,3,92.375862121582,548,13,21,548,13.4289999008179,61.0964546203613,325.313659667969,25.4599990844727,3.48000001907349,21.9799995422363,9.36999988555908,16.7800006866455
"background",16,16,-1.75100016593933,14.1386661529541,-19.8973331451416,589,93,21,50.2349548339844,247,72,247,89,11.6573333740234,22.8593082427979,1391.20556640625,22.3799991607666,-28.6160011291504,50.9960021972656,14.1386661529541,-12.2066669464111
"background",17,17,3.06800007820129,18.7560005187988,-14.8319997787476,539,89,19,51.9662780761719,237,71,237,71,11.6306667327881,24.0880336761475,1366.80993652344,26,-22.2840003967285,48.2840003967285,18.7560005187988,-12.2700004577637
"background",18,18,5.3600001335144,17.3993339538574,-7.37333345413208,773,101,34,27.4266719818115,257,127,227,132,9.8779993057251,26.0495777130127,1010.80163574219,24.3479995727539,-13.5719995498657,37.9199981689453,16.7700004577637,-6.73000001907349
"background",19,19,13.6075000762939,25.0293350219727,2.17600011825562,504,80,10,57.1716461181641,220,41,204,41,16.1030006408691,39.1686134338379,927.067626953125,34.1920013427734,-6.92000007629395,41.1119995117188,22.6173343658447,2.17600011825562
"background",20,20,13.0016670227051,24.3439998626709,0.864666700363159,1069,124,40,30.1212272644043,348,154,299,154,12.3819999694824,32.1176605224609,945.782836914062,31.7919998168945,-6.76000022888184,38.552001953125,17.7406673431396,0.864666700363159
"background",21,21,3.78533339500427,17.4553337097168,-10.8100004196167,371,71,13,59.8284759521484,177,50,167,50,12.8146667480469,28.9217891693115,1145.68041992188,26.1119995117188,-18.1960010528564,44.3079986572266,14.9833335876465,-2.81933307647705
"background",22,22,4.08466672897339,12.7039995193481,-4.08666658401489,542,77,18,38.9326057434082,211,71,71,195,15.5539999008179,44.0074691772461,691.120971679688,25.2199993133545,-10.1239995956421,35.3439979553223,-3.14599990844727,12.7039995193481
"background",23,23,8.41250038146973,21.9753341674805,-6.53066682815552,706,108,15,54.613410949707,290,51,284,51,12.4576663970947,28.7440395355225,1153.20739746094,29.3400001525879,-14,43.3400001525879,20.003999710083,-6.53066682815552
"background",24,24,17.2826671600342,27.3213329315186,8.04866695404053,109,24,1,79.2777786254883,58,4,7,56,16.568000793457,43.2088470458984,791.544616699219,37.8680000305176,-0.476000010967255,38.3440017700195,8.57800006866455,24.7233333587646
"background",25,25,17.6708335876465,27.9186668395996,6.99066686630249,637,87,24,41.1070709228516,219,87,186,92,14.5369997024536,38.8399047851562,845.955749511719,35.923999786377,-1.50399994850159,37.4280014038086,22.3020000457764,8.04666709899902
"background",26,26,11.6118335723877,21.9426670074463,0.767999947071075,1167,127,79,14.137393951416,342,254,342,254,13.6036672592163,37.9228019714355,856.825317382812,29.5839996337891,-6.28800010681152,35.8720016479492,21.9426670074463,0.767999947071075
"background",27,27,3.12849974632263,15.9440002441406,-10.956000328064,393,72,11,65.8081665039062,190,38,190,38,13.6310005187988,31.5240516662598,1097.85107421875,24.3999996185303,-18.8400001525879,43.2399978637695,15.9440002441406,-10.956000328064
"background",28,28,-1.50116658210754,14.6586666107178,-19.173999786377,481,93,18,59.1823310852051,226,59,226,59,11.0970001220703,23.1380310058594,1390.50134277344,22.1000003814697,-25.8599987030029,47.9599990844727,14.6586666107178,-19.173999786377
"background",29,29,6.99866676330566,20.474666595459,-6.64133310317993,290,57,7,68.5899276733398,145,27,116,27,15.8146667480469,34.0305290222168,1091.53332519531,31.0359992980957,-15.4359998703003,46.4720001220703,17.6219997406006,-4.08799982070923
"background",30,30,-11.1280002593994,9.63599967956543,-29.2906665802002,219,40,6,60.4647827148438,103,21,94,21,7.80600023269653,15.1290798187256,1618.29748535156,17.0319995880127,-34.5639991760254,51.5960006713867,8.04666709899902,-29.2906665802002
"background",31,31,7.82383346557617,18.9680004119873,-2.12999987602234,361,64,11,55.5953216552734,163,35,132,35,15.1536664962769,39.3356513977051,861.372131347656,29.3880004882812,-9.13599967956543,38.5240020751953,16.0926666259766,-2.12999987602234
"background",32,32,17.1494998931885,27.3039989471436,6.70866680145264,584,85,20,48.0263481140137,210,70,184,70,15.3103332519531,40.7710227966309,834.471923828125,35.6359977722168,-1.91600000858307,37.5519981384277,22.9286670684814,7.64266633987427
"background",33,33,-10.7733335494995,7.62777757644653,-28.4688892364502,272,43,9,48.4563598632812,114,32,99,32,7.29666709899902,14.9890441894531,1501.77416992188,14.7933330535889,-33.8866691589355,48.6800003051758,1.89111113548279,-28.4688892364502
"background",34,34,-0.419999927282333,10.1240005493164,-11.2866668701172,608,66,26,24.2070350646973,188,98,188,147,10.561333656311,29.9867496490479,875.351318359375,17.3560009002686,-17.8640003204346,35.2200012207031,10.1240005493164,-5.01799964904785
"background",35,35,-0.184166729450226,15.0666666030884,-17.6680011749268,739,103,27,40.4086608886719,279,100,260,114,11.6783332824707,23.6979160308838,1334.01635742188,23.0440006256104,-26.2360000610352,49.2799987792969,14.1660003662109,-9.99600028991699
"background",36,36,15.373833656311,24.8013343811035,5.49533319473267,1503,166,87,20.0556221008301,450,285,310,424,13.6569995880127,40.2433967590332,781.396179199219,32.1440010070801,-1.79199993610382,33.9360008239746,15.2019996643066,20.9659996032715
"background",37,37,7.74749994277954,17.1000003814697,-1.16799998283386,317,42,15,31.8908061981201,116,50,63,99,16.7643337249756,44.5812492370605,743.425354003906,29.9479999542236,-7.6560001373291,37.6040000915527,-0.559333324432373,16.8833332061768
"background",38,38,8.27383327484131,19.1520004272461,-1.72466659545898,290,33,17,14.8514137268066,86,62,63,70,16.5930004119873,41.083984375,847.669921875,30.9080009460449,-9.47999954223633,40.3880004882812,6.94266653060913,18.6420001983643
"background",39,39,7.22133350372314,21.3273334503174,-7.92066669464111,514,81,9,60.2246284484863,229,32,207,32,13.5966663360596,29.4606227874756,1186.88305664062,30.1520004272461,-16,46.1520004272461,18.7560005187988,-7.92066669464111
"background",40,40,19.2886657714844,25.0233325958252,14.010666847229,192,40,1,79.0793228149414,103,6,15,98,14.3899993896484,56.0358276367188,445.979156494141,32.1199989318848,6.44000005722046,25.6799983978271,14.6553335189819,22.5633335113525
"background",41,41,-4.72033309936523,12.5679998397827,-23.9033336639404,388,82,12,69.0454406738281,200,38,200,44,12.554666519165,24.1343078613281,1497.36340332031,20.7479991912842,-31.2719993591309,52.0199966430664,12.5679998397827,-11.6726665496826
"background",42,42,12.6654996871948,25.3453330993652,-0.50000011920929,803,126,19,50.8405303955078,324,68,305,68,13.2043333053589,31.5893135070801,1040.36828613281,33.5040016174316,-8.29600048065186,41.8000030517578,22.7473335266113,-0.50000011920929
"background",43,43,5.2263331413269,15.8053331375122,-4.93000030517578,353,53,15,42.9909286499023,141,58,125,60,13.1666669845581,35.6125335693359,841.974548339844,25.6200008392334,-11.3520002365112,36.9720001220703,13.1866664886475,-3.1726667881012
"background",44,44,0.522166728973389,14.6300001144409,-15.8913335800171,469,98,16,69.5822525024414,242,52,242,60,12.6163339614868,26.7272548675537,1242.53564453125,22.0240001678467,-25.1800003051758,47.2040023803711,14.6300001144409,-5.82200002670288
"background",45,45,0.5881667137146,9.79133319854736,-7.17333316802979,653,72,43,16.8306274414062,200,138,173,138,13.6956663131714,41.2967872619629,711.896484375,19.1840000152588,-13.9799995422363,33.1640014648438,-1.87399995326996,-7.17333316802979
"background",46,46,3.47883319854736,18.9640007019043,-13.9606666564941,533,96,16,59.6195030212402,244,55,244,55,11.5056667327881,24.1939334869385,1339.79382324219,26.3559989929199,-21.2000007629395,47.5559997558594,18.9640007019043,-13.9606666564941
"background",47,47,8.40283298492432,19.8746662139893,-2.56599998474121,354,37,21,18.7305717468262,105,68,93,68,15.1883325576782,37.1461868286133,912.315551757812,30.5839996337891,-10.3039999008179,40.8880004882812,19.2573337554932,-2.56599998474121
"background",48,48,-2.9723334312439,14.9913339614868,-21.9793338775635,295,42,15,30.933557510376,107,53,105,55,11.9973335266113,22.7791709899902,1519.73193359375,23.6680011749268,-29,52.6679992675781,12.8813333511353,-19.6800003051758
"background",49,49,7.82966661453247,19.3206672668457,-4.1100001335144,825,96,44,19.5541439056396,249,154,229,165,9.51466655731201,26.7958393096924,960.751708984375,26.2080001831055,-9.30000019073486,35.507999420166,15.4913330078125,-3.47933340072632
"background",50,50,18.5144996643066,27.0219993591309,8.98666667938232,523,76,17,44.3621520996094,196,64,164,64,14.5769996643066,42.7678680419922,735.079162597656,34.2519989013672,0.167999997735023,34.0839996337891,23.9060001373291,10.0913333892822
"background",51,51,9.8144998550415,20.958667755127,-2.21399998664856,1023,111,59,20.3484935760498,321,194,311,194,12.0289993286133,32.4932441711426,936.873657226562,28.5200004577637,-8.5,37.0200004577637,18.8959999084473,-2.21399998664856
"background",52,52,2.63849997520447,13.2840003967285,-9.03133296966553,511,56,20,26.5143985748291,157,75,157,124,10.9763336181641,30.5135478973389,905.666137695312,20.6840000152588,-15.2880001068115,35.9720001220703,13.2840003967285,-1.95666658878326
"background",53,53,10.0746669769287,21.9753341674805,-1.5239999294281,434,79,9,68.7771224975586,220,29,188,29,16.2719993591309,38.5848426818848,955.600891113281,31.4680004119873,-10.7039995193481,42.1720008850098,19.449333190918,-1.5239999294281
"background",54,54,4.75899982452393,18.2439994812012,-10.5713338851929,809,115,22,50.0438842773438,328,80,322,80,12.5086669921875,27.6691436767578,1165.55444335938,26.1359996795654,-19.07200050354,45.2080001831055,17.2066669464111,-10.5713338851929
"background",55,55,9.99883270263672,20.8886661529541,-0.476666659116745,206,25,7,31.2122783660889,70,29,36,64,16.6049995422363,41.0405349731445,867.431274414062,32.9879989624023,-7.47200012207031,40.4599990844727,0.100666560232639,20.4053325653076
"background",56,56,12.1789999008179,22.1973342895508,1.65933322906494,1187,131,80,14.9148893356323,357,262,345,262,12.5693330764771,36.8299751281738,830.071044921875,29.2919998168945,-4.83599996566772,34.1279983520508,20.2313327789307,1.65933322906494
"background",57,57,0.692833423614502,14.264666557312,-14.4553337097168,431,74,16,54.3906059265137,198,54,198,70,12.0936670303345,27.5632858276367,1173.69030761719,21.7639999389648,-22.1119995117188,43.8759994506836,14.264666557312,-5.47399997711182
"background",58,58,-2.70349979400635,14.2399997711182,-21.2993335723877,573,109,22,59.882137298584,269,71,269,76,10.9623327255249,21.7454833984375,1439.02209472656,21.42799949646,-28.9839992523193,50.4119987487793,14.2399997711182,-11.5699996948242
"background",59,59,19.074333190918,26.7606658935547,10.8339996337891,1620,165,80,16.9103107452393,451,326,444,433,12.0666666030884,41.4548110961914,650.786193847656,32.8440017700195,3.73600006103516,29.1080017089844,26.3953323364258,19.757999420166
"background",60,60,17.2201671600342,26.3700008392334,7.68466663360596,1431,159,88,18.0046863555908,431,276,334,400,13.0363330841064,39.8713417053223,757.5771484375,33.1959991455078,0.5,32.6959991455078,9.2993335723877,22.6119995117188
"background",61,61,-0.596833348274231,15.7026662826538,-18.761999130249,482,82,17,55.6812973022461,221,59,221,60,10.175666809082,20.6285820007324,1390.96533203125,22.5,-26.8279991149902,49.3279991149902,15.7026662826538,-16.2479991912842
"background",62,62,-5.87216663360596,12.3660001754761,-23.8733329772949,271,44,9,54.0443916320801,123,31,113,36,9.38633346557617,19.1074295043945,1494.80786132812,19.7600002288818,-29.3640003204346,49.1240005493164,10.4586668014526,-16.3040008544922
"background",63,63,21.9673328399658,30.4320011138916,13.9060001373291,214,47,1,72.0543899536133,106,7,84,55,17.0540008544922,50.3424263000488,683.132934570312,39.3279991149902,5.4520001411438,33.8759994506836,30.4153327941895,24.2360000610352
"background",64,64,0.663833379745483,16.0806674957275,-16.5866661071777,506,85,16,53.5862007141113,221,60,221,60,12.063666343689,24.6660404205322,1325.30505371094,23.7999992370605,-25.1079998016357,48.9079971313477,16.0806674957275,-16.5866661071777
"background",65,65,10.3579998016357,22.3813323974609,-1.23733341693878,450,79,9,65.8075942993164,221,31,192,31,16.3366661071777,38.2663421630859,962.992370605469,32.2319984436035,-10.460000038147,42.6919975280762,19.6486663818359,-1.23733341693878
"background",66,66,6.46283340454102,17,-4.30200004577637,285,38,14,26.6969795227051,91,50,58,69,17.8003330230713,42.0255279541016,862.649169921875,29.6359996795654,-12.7200002670288,42.3559989929199,9.61400032043457,16.9200000762939
"background",67,67,8.74883365631104,19.1359996795654,-0.988666594028473,182,21,9,21.0727844238281,56,34,52,39,17.167667388916,42.9664306640625,818.006408691406,30.7000007629395,-9.25599956512451,39.9560012817383,18.6259994506836,3.70266675949097
"background",68,68,-4.45499992370605,13.3600006103516,-23.8780002593994,493,80,13,54.0296249389648,219,51,211,69,10.3479995727539,19.8146438598633,1514.15930175781,21.1960010528564,-31.0279998779297,52.2239990234375,12.0539999008179,-15.1826667785645
"background",69,69,-3.18616652488708,14.2320003509521,-21.9979991912842,508,84,17,53.4027709960938,222,57,222,62,11.335000038147,22.297191619873,1469.427734375,22.1560001373291,-28.6800003051758,50.8359985351562,14.2320003509521,-19.6760005950928
"background",70,70,14.0528335571289,23.4926662445068,4.6986665725708,341,71,10,70.110466003418,176,33,163,37,16.4483337402344,44.9752082824707,765.491516113281,32.4360008239746,-4.13599967956543,36.5719985961914,22.8473339080811,6.13399982452393
"background",71,71,-3.15783333778381,13.2519998550415,-21.4320011138916,581,86,23,48.2162628173828,240,73,237,82,11.2083339691162,22.0775547027588,1416.58728027344,21.6440010070801,-29.1240005493164,50.7680015563965,12.2093334197998,-14.0226669311523
"background",72,72,-9.63866710662842,7.37933349609375,-26.9139995574951,265,42,7,56.3467140197754,119,23,98,23,7.27666664123535,15.660870552063,1426.36047363281,14.0480003356934,-32.4160003662109,46.4640007019043,2.65400004386902,-26.9139995574951
"background",73,73,2.31716656684875,18.2339992523193,-15.9693336486816,582,94,15,56.804557800293,263,63,263,65,11.599666595459,23.2588748931885,1387.29125976562,25.7840003967285,-24.0880012512207,49.8720016479492,18.2339992523193,-13.4759998321533
"background",74,74,16.041166305542,26.2046661376953,5.29733324050903,1261,134,76,19.4954147338867,381,259,265,286,12.9436664581299,36.2445869445801,844.814392089844,33.6599998474121,-2.05200004577637,35.7119979858398,16.0066661834717,25.5346660614014
"background",75,75,6.68933343887329,17.3640003204346,-4.21799993515015,953,103,60,19.0772876739502,300,186,248,203,7.48400020599365,23.5405120849609,891.926818847656,22.2000007629395,-9.59200000762939,31.7919998168945,10.0773334503174,-1.32200002670288
"background",76,76,0.889833331108093,15.2026662826538,-15.485333442688,435,78,13,63.848560333252,215,48,215,48,12.0823335647583,25.9991683959961,1253.24353027344,22.5440006256104,-23.92799949646,46.4720001220703,15.2026662826538,-12.8646669387817
"background",77,77,7.28733348846436,20.6319999694824,-6.00733327865601,463,82,13,59.5838508605957,216,45,182,45,14.7526664733887,33.0985069274902,1080.04675292969,30.3439998626709,-14.2279996871948,44.5719985961914,17.8239994049072,-6.00733327865601
"background",78,78,11.0066661834717,22.9693336486816,-2.21266651153564,989,108,45,25.5148277282715,310,164,299,164,11.4213333129883,29.4000549316406,1017.06866455078,30.1319999694824,-8.71599960327148,38.8479995727539,21.0346660614014,-2.21266651153564
"background",79,79,10.7439994812012,23.1560001373291,-2.81666660308838,1092,124,51,26.503589630127,350,174,326,174,11.5773334503174,28.6908531188965,1043.12841796875,30.5279998779297,-9.82400035858154,40.3520011901855,20.9113330841064,-2.81666660308838
"background",80,80,0.39683336019516,14.7833337783813,-15.8739995956421,818,98,40,29.1697483062744,273,133,264,144,12.0563335418701,25.6234245300293,1246.55639648438,22.6200008392334,-24.431999206543,47.052001953125,13.7080001831055,-8.25066661834717
"background",81,81,10.6793336868286,22.0606670379639,-0.0759998559951782,246,33,6,40.9100456237793,93,26,37,84,14.9139995574951,38.1666488647461,899.281311035156,33.3759994506836,-5.69999980926514,39.076000213623,0.63400000333786,21.5926666259766
"background",82,82,-2.47000002861023,12.9479999542236,-18.511999130249,395,71,16,55.0657653808594,184,49,184,59,12.673999786377,26.637243270874,1302.3408203125,21.3640003204346,-26.2159996032715,47.5800018310547,12.9479999542236,-10.0153331756592
"background",83,83,0.581000030040741,14.3280000686646,-14.7266664505005,470,91,17,62.0532836914062,229,58,229,66,12.3226671218872,27.6938762664795,1183.08520507812,21.4079990386963,-23.0879993438721,44.4959983825684,14.3280000686646,-6.02400016784668
"background",84,84,-0.573666632175446,14.9046669006348,-18.1860008239746,728,96,36,32.0567932128906,257,112,255,138,12.550666809082,24.8744773864746,1346.8662109375,23.492000579834,-26.9640007019043,50.4560012817383,13.8633337020874,-10.2546663284302
"background",85,85,-5.29416656494141,12.0626668930054,-23.8813323974609,334,76,10,77.7462997436523,185,30,185,34,11.9236660003662,23.2920513153076,1474.79528808594,20.4039993286133,-30.7880001068115,51.1920013427734,12.0626668930054,-12.8313331604004
"background",86,86,10.4758338928223,23.2859992980957,-2.9653332233429,687,108,11,57.6166191101074,290,45,260,45,13.3903331756592,31.8090400695801,1059.40979003906,31.2959995269775,-10.8000001907349,42.0960006713867,20.9906673431396,-2.9653332233429
"background",87,87,5.04533338546753,18.775333404541,-9.45333385467529,337,61,10,59.7252044677734,160,40,140,40,14.6033334732056,31.5788707733154,1137.35327148438,28.576000213623,-17.6680011749268,46.2440032958984,16.0599994659424,-9.45333385467529
"background",88,88,0.500000178813934,16.457332611084,-17.4619998931885,457,75,16,55.6889610290527,209,55,209,58,10.9720001220703,22.4247875213623,1376.63452148438,23.5480003356934,-25.3799991607666,48.9280014038086,16.457332611084,-15.1866664886475
"background",89,89,11.9808330535889,24.3746662139893,-0.158666685223579,503,77,13,58.623706817627,229,41,215,41,15.9463338851929,36.9915885925293,994.533752441406,33.9440002441406,-9.16399955749512,43.1080017089844,21.7700004577637,-0.158666685223579
"background",90,90,7.92166662216187,13.7466669082642,3.17000007629395,2961,470,65,58.2384567260742,1291,254,255,1138,8.16866683959961,40.876033782959,440.589385986328,19.7479991912842,-0.236000001430511,19.9839992523193,3.51600003242493,13.3893327713013
"background",91,91,7.24833345413208,16.1726665496826,-0.970666706562042,585,76,18,39.3059349060059,223,69,81,206,13.1533336639404,39.6232490539551,704.929626464844,27.1000003814697,-6.09600019454956,33.1959991455078,-0.507333397865295,16.0313339233398
"background",92,92,-1.51849985122681,14.5113334655762,-19.0559997558594,491,97,18,62.6210708618164,238,58,238,58,11.356333732605,23.7858848571777,1377.72546386719,22.0400009155273,-25.7040004730225,47.7440032958984,14.5113334655762,-16.3926658630371
"background",93,93,-3.15216660499573,14.2513332366943,-22.0620002746582,511,84,17,52.3166694641113,221,59,221,63,11.110333442688,21.8089141845703,1473.76574707031,21.931999206543,-29.011999130249,50.9440002441406,14.2513332366943,-19.9259986877441
"background",94,94,17.7091674804688,26.8199996948242,8.19400024414062,1260,126,70,15.3019599914551,354,244,275,328,12.5043334960938,38.5270309448242,755.503234863281,33.5480003356934,1.09200000762939,32.4560012817383,21.5873336791992,26.3333339691162
"background",95,95,13.2268333435059,22.1846656799316,4.74733352661133,373,76,5,76.5609588623047,205,27,172,63,18.0909996032715,49.8924446105957,714.000366210938,31.8640003204346,-4.39599990844727,36.2600021362305,21.4813327789307,12.2840003967285
"background",96,96,0.440500020980835,9.30866622924805,-7.61999988555908,865,104,48,29.2565116882324,311,153,153,284,11.1636667251587,35.8591384887695,703.771850585938,18.1159992218018,-13.0159997940063,31.1319999694824,-7.2446665763855,9.30866622924805
"background",97,97,0.944666743278503,10.4946670532227,-7.7446665763855,601,68,33,20.8922653198242,183,120,143,155,11.6260004043579,34.8042144775391,756.606079101562,20.4519996643066,-12.9519996643066,33.4039993286133,3.33200001716614,10.4753332138062
"background",98,98,3.19716668128967,17.0146675109863,-12.3933334350586,301,68,6,73.8989791870117,156,27,153,28,13.4630002975464,29.143217086792,1194.00744628906,25.6319999694824,-20.5639991760254,46.1959991455078,14.796667098999,-10.1239995956421
"background",99,99,18.0984992980957,26.9440002441406,8.53999996185303,624,91,26,42.3813018798828,215,86,179,88,15.2763338088989,43.2463264465332,746.8125,34.9000015258789,-0.42399999499321,35.3240013122559,23.3426666259766,9.53666687011719
"background",100,100,6.66216659545898,20.9400005340576,-9.07600021362305,561,90,10,58.1068229675293,242,35,242,35,12.7116670608521,27.4953861236572,1217.31372070312,29.2320003509521,-17,46.2320022583008,20.9400005340576,-9.07600021362305
"background",101,101,-10.0358333587646,10.6153335571289,-28.5339984893799,251,41,6,59.8542366027832,117,23,107,23,9.24166584014893,17.2496395111084,1606.58239746094,19.4599990844727,-34.1159973144531,53.5759963989258,8.85866641998291,-28.5339984893799
"background",102,102,-4.34383344650269,11.6753330230713,-22.3526668548584,528,80,19,50.621280670166,226,62,215,69,9.81900024414062,20.0224323272705,1401.94995117188,19.6399993896484,-29.3999996185303,49.0400009155273,11.2526664733887,-21.5839996337891
"background",103,103,7.00166654586792,19.720666885376,-5.48399972915649,328,55,13,46.879337310791,139,44,87,44,15.7586669921875,35.2416725158691,1014.43743896484,30.4479999542236,-14.2679996490479,44.7159996032715,11.6920003890991,-5.48399972915649
"background",104,104,-4.03950023651123,12.3393335342407,-22.0473327636719,550,84,20,50.3136978149414,234,66,226,75,10.4616670608521,21.103982925415,1405.39868164062,20.3120002746582,-29.2600002288818,49.5719985961914,11.4099998474121,-21.054666519165
"background",105,105,12.4671669006348,23.7553329467773,0.244666531682014,1156,132,68,21.2519493103027,358,222,323,222,11.7616662979126,31.6377944946289,948.505737304688,30.7919998168945,-6.38400030136108,37.1759986877441,21.7553329467773,0.244666531682014
"background",106,106,9.95499992370605,19.2253322601318,0.138000011444092,1110,114,80,12.9109678268433,324,243,308,248,11.3066663742065,35.5555572509766,773.773620605469,25.7119998931885,-6.08799982070923,31.7999992370605,17.3933334350586,5.89200019836426
"background",107,107,3.1896665096283,12.6999998092651,-5.71066665649414,899,123,33,38.4916725158691,352,125,144,314,11.4273328781128,34.4944839477539,754.597412109375,22.5440006256104,-10.5839996337891,33.1279983520508,-5.13000011444092,12.3746662139893
"background",108,108,6.99583339691162,18.6853332519531,-4.49866676330566,419,73,16,47.0624008178711,176,55,113,55,15.5163335800171,37.331184387207,936.314819335938,29.1960010528564,-12.3680000305176,41.5640029907227,11.3393335342407,-4.49866676330566
"background",109,109,5.22066640853882,16.5133323669434,-5.08066654205322,304,39,16,28.2479915618896,108,51,80,51,13.8673334121704,36.4010238647461,880.808166503906,27.0399990081787,-11.0559997558594,38.0960006713867,8.6133337020874,-5.08066654205322
"background",110,110,-8.22433376312256,11.6780004501343,-27.1940002441406,268,43,8,47.4546928405762,110,33,105,44,7.75466632843018,15.1790370941162,1597.53955078125,18.1079998016357,-32.9799995422363,51.0879974365234,9.8100004196167,-20.1800003051758
"background",111,111,0.253166705369949,14.7906665802002,-16.5126667022705,465,93,17,66.1011428833008,233,54,233,60,12.4749994277954,25.8602828979492,1275.94372558594,22.3799991607666,-25.8599987030029,48.2399978637695,14.7906665802002,-6.15466690063477
"background",112,112,19.1106662750244,28.0459995269775,9.60733318328857,942,127,51,27.9496536254883,295,181,181,193,12.9213342666626,38.8588180541992,746.326416015625,35.4160003662109,2.16400003433228,33.2519989013672,22.8293323516846,28.0459995269775
"background",113,113,8.8348331451416,20.7719993591309,-3.9353334903717,904,95,42,25.0895729064941,283,151,281,151,11.2063331604004,29.5712814331055,998.262329101562,28.0960006713867,-9.80000019073486,37.8959999084473,18.7999992370605,-2.55066680908203
"background",114,114,-15.6866664886475,-8.09933280944824,-20.5900001525879,1007,133,40,32.4239196777344,357,153,357,187,5.95799970626831,27.8463249206543,557.68408203125,-4.27600002288818,-25.6720008850098,21.3959999084473,-8.09933280944824,-19.4266662597656
"background",115,115,1.97066652774811,16.720666885376,-14.7366666793823,773,104,26,44.8123970031738,302,97,302,97,11.8806667327881,24.8196430206299,1271.23864746094,24.4160003662109,-23.4519996643066,47.8680000305176,16.720666885376,-14.7366666793823
"background",116,116,-1.66150009632111,8.74600028991699,-10.9219999313354,827,108,30,34.4372367858887,285,113,191,253,9.45300006866455,29.0789966583252,821.158752441406,14.8879995346069,-17.6200008392334,32.507999420166,-6.53600025177002,-3.02866649627686
"background",117,117,6.2814998626709,14.7626667022705,-1.85400009155273,707,121,11,67.3803176879883,349,50,50,319,12.2583332061768,38.5336761474609,676.740295410156,25.3479995727539,-6.46400022506714,31.8120002746582,-0.934000015258789,14.7626667022705
"background",118,118,-4.48066663742065,13.9066667556763,-24.0033340454102,470,75,15,53.2997207641602,202,53,202,59,11.1193332672119,21.0817031860352,1536.05017089844,21.5520000457764,-31.1920013427734,52.7440032958984,13.9066667556763,-21.5733337402344
"background",119,119,-0.854166626930237,15.1380004882812,-18.542667388916,477,89,17,58.859676361084,225,54,225,57,10.6896667480469,22.1538314819336,1366.65051269531,21.92799949646,-26.3239994049072,48.2519989013672,15.1380004882812,-15.8146667480469
"background",120,120,9.79916667938232,21.6726665496826,-3.21000003814697,968,102,45,23.7743358612061,302,166,292,166,11.0609998703003,28.9554977416992,1005.00701904297,28.7080001831055,-9.49199962615967,38.2000007629395,19.7466678619385,-1.560666680336
"background",121,121,1.85483336448669,16.6433334350586,-15.1686668395996,420,77,13,60.1158638000488,202,51,202,53,12.0170001983643,25.9098739624023,1299.50573730469,23.988000869751,-22.3920001983643,46.3800010681152,16.6433334350586,-12.3159999847412
"background",122,122,20.5669994354248,30.3393325805664,11.0600004196167,344,48,4,48.0442352294922,115,22,89,111,14.3293333053589,41.237865447998,798.469787597656,38.7280006408691,3.98000001907349,34.7480010986328,30.0733337402344,23.7686672210693
"background",123,123,2.73950004577637,16.6653327941895,-12.8686666488647,324,65,9,70.3984146118164,165,34,165,36,13.621000289917,29.3202171325684,1201.09326171875,25.5400009155273,-20.9160003662109,46.4560012817383,16.6653327941895,-10.5013332366943
"background",124,124,16.9736671447754,27.0920009613037,6.26866674423218,1092,145,52,29.0738945007324,351,198,239,198,12.7880001068115,35.5064392089844,842.330200195312,34.5040016174316,-1.51199996471405,36.0160026550293,20.9340000152588,6.26866674423218
"background",125,125,1.59300017356873,15.9626665115356,-14.9326667785645,786,102,31,34.5567359924316,280,117,280,119,12.5159997940063,25.7955474853516,1248.71618652344,24.3880004882812,-24.1319999694824,48.5200004577637,15.9626665115356,-13.1206665039062
"background",126,126,-10.7036666870117,6.57933330535889,-27.8080005645752,223,37,7,55.7873344421387,100,22,87,22,7.06800031661987,15.3053274154663,1432.35925292969,12.9799995422363,-33.2000007629395,46.1800003051758,6.31933355331421,-27.8080005645752
"background",127,127,7.36733341217041,17.6346664428711,-1.15133321285248,354,42,12,31.8954830169678,120,47,47,109,13.1166667938232,38.7242164611816,766.783630371094,27.6599998474121,-6.21199989318848,33.8720016479492,-0.0740000382065773,17.6346664428711
"background",128,128,-11.3956670761108,8.99333381652832,-30.1806678771973,247,41,5,65.3581466674805,123,21,105,21,8.40666675567627,15.8796119689941,1622.17492675781,17.2880001068115,-35.6520004272461,52.9400024414062,8.02133369445801,-29.6060009002686
"background",129,129,-7.26933288574219,12.6806669235229,-27.3093318939209,339,55,12,50.8163261413574,146,42,140,43,9.82600021362305,18.0479030609131,1636.45727539062,20.1720008850098,-34.2719993591309,54.4440002441406,10.684666633606,-25.6073322296143
"background",130,130,19.238000869751,27.1666679382324,10.7159996032715,1473,151,90,14.3031549453735,406,308,375,392,11.5160007476807,39.8698234558105,669.855407714844,33,4.11599969863892,28.8840007781982,25.7106666564941,15.3793334960938
"background",131,131,4.57233333587646,15.3513336181641,-6.29266691207886,423,83,15,60.060863494873,187,48,164,48,12.8619995117188,34.2840385437012,882.218139648438,24.1639995574951,-13.3520002365112,37.515998840332,8.88000011444092,-6.29266691207886
"background",132,132,3.59216666221619,18.3313331604004,-12.8146667480469,424,75,12,61.6810073852539,200,43,192,43,12.7496662139893,26.9298458099365,1264.96264648438,26.8400001525879,-20.503999710083,47.3440017700195,16.0153331756592,-12.8146667480469
"background",133,133,2.45799994468689,16.3433322906494,-12.8546667098999,747,103,20,47.220157623291,295,80,295,80,12.4633331298828,27.2840042114258,1182.02416992188,24.3640003204346,-21.3159999847412,45.6800003051758,16.3433322906494,-12.8546667098999
"background",134,134,6.99746370315552,13.3652172088623,1.27608704566956,4104,567,142,43.9847793579102,1614,495,648,1333,6.13405799865723,30.95290184021,503.458190917969,18.2260875701904,-1.59130430221558,19.8173923492432,4.12246370315552,13.3195648193359
"background",135,135,18.0316677093506,26.1826667785645,9.35799980163574,1480,171,67,21.1529216766357,451,282,388,414,13.21399974823,43.177360534668,685.287170410156,32.9280014038086,2.32400012016296,30.6040019989014,10.8473329544067,18.7193336486816
"background",136,136,-12.9088335037231,8.08266639709473,-31.9119987487793,237,42,6,66.4331207275391,119,20,104,20,7.67299938201904,14.4337844848633,1659.50354003906,16.07200050354,-37.0879974365234,53.1599960327148,7.12400007247925,-31.9119987487793
"background",137,137,12.3391666412354,23.3299999237061,1.7886666059494,416,72,8,66.2011947631836,194,26,194,26,16.3990001678467,41.1167411804199,872.153076171875,32.6759986877441,-7.20799970626831,39.8839988708496,23.3299999237061,1.7886666059494
"background",138,138,1.24383330345154,14.7946662902832,-13.8953332901001,858,103,39,29.8361473083496,287,131,269,159,11.1956663131714,25.5096302032471,1166.42272949219,21.8400001525879,-22.0480003356934,43.8880004882812,13.8486661911011,-7.02866697311401
"background",139,139,-0.194166660308838,14.6266660690308,-16.7180004119873,849,113,29,38.519401550293,316,117,299,132,10.4370002746582,22.7365798950195,1275.85327148438,21.9200000762939,-23.9839992523193,45.9039993286133,13.5426664352417,-9.84333324432373
"background",140,140,-2.03550004959106,14.970666885376,-20.9073333740234,499,77,17,51.3661766052246,216,59,216,64,11.8050003051758,22.7369041442871,1456.35290527344,22.7679996490479,-29.1520004272461,51.9199981689453,14.970666885376,-18.6133327484131
"background",141,141,2.15016674995422,16.0433330535889,-13.0453338623047,726,99,20,46.8630294799805,286,79,286,79,12.0570001602173,26.8171710968018,1178.51245117188,23.9720001220703,-20.988000869751,44.9599990844727,16.0433330535889,-13.0453338623047
"background",142,142,17.1948337554932,25.8933334350586,8.12866687774658,1178,124,69,18.2924652099609,352,220,325,324,13.3730001449585,41.6916084289551,719.357482910156,33.0279998779297,0.951999962329865,32.076000213623,9.60133361816406,17.8059997558594
"background",143,143,11.9583330154419,22.2113342285156,1.08333337306976,1158,135,77,17.3479194641113,352,250,335,259,13.7173337936401,38.0952377319336,854.631530761719,29.9079990386963,-6.09999990463257,36.007999420166,20.1373329162598,13.0699996948242
"background",144,144,1.28783321380615,16.5953330993652,-15.7813339233398,451,76,15,59.4877471923828,213,54,213,56,11.2383337020874,23.7777881622314,1315.9599609375,24.2159996032715,-23.0480003356934,47.2639999389648,16.5953330993652,-13.2259998321533
"background",145,145,2.74366664886475,10.3199996948242,-4.06333351135254,1987,276,87,42.1459197998047,768,271,291,651,6.97733354568481,29.8329639434814,598.811462402344,15.6359996795654,-7.7519998550415,23.3880004882812,-0.846666634082794,8.25266647338867
"background",146,146,-1.64433312416077,14.3339996337891,-19.5966663360596,694,103,22,48.531078338623,286,83,282,84,11.3786659240723,23.0973243713379,1371.69299316406,21.7840003967285,-27.4799995422363,49.2639999389648,12.9293336868286,-17.3246669769287
"background",147,147,14.5528335571289,23.8713321685791,5.81400012969971,357,68,7,66.9365234375,180,26,144,79,19.2189998626709,50.5869674682617,739.381103515625,33.9759979248047,-4.01599979400635,37.9919967651367,23.2639999389648,17.8360004425049
"background",148,148,9.23233318328857,22.2426662445068,-4.36800003051758,640,96,11,57.1890907287598,275,41,255,41,14.025333404541,32.5051765441895,1076.7333984375,30.4479999542236,-12.6999998092651,43.1479988098145,19.8666667938232,-4.36800003051758
"background",149,149,4.79533338546753,16.6933326721191,-7.59266662597656,794,96,36,25.8874473571777,260,128,233,159,10.6893329620361,28.0236301422119,999.373474121094,24.3519992828369,-13.7919998168945,38.1439971923828,12.6893339157104,-3.27333331108093
"background",150,150,13.9464998245239,22.7486667633057,6.79400014877319,934,168,3,85.1911392211914,470,17,22,467,15.0816669464111,46.0312156677246,662.699768066406,33.2799987792969,0.516000032424927,32.7639999389648,7.34066677093506,22.1573333740234
"background",151,151,16.2940006256104,26.0986671447754,5.99866676330566,1404,148,85,17.8497257232666,422,302,310,316,13.3866672515869,38.0346260070801,812.29443359375,33.7400016784668,-1.4559999704361,35.1960029602051,16.257999420166,22.0726680755615
"background",152,152,6.42233324050903,18.9879989624023,-6.14666652679443,369,68,11,59.8067169189453,172,41,141,41,15.4673328399658,35.3522911071777,1015.51989746094,29.2479991912842,-14.503999710083,43.7519989013672,16.3253326416016,-6.14666652679443
"background",153,153,-0.0461665838956833,14.7659997940063,-16.2546653747559,492,89,16,59.328685760498,230,53,230,57,11.3569993972778,24.7688217163086,1264.81286621094,21.7919998168945,-24.0599994659424,45.8519973754883,14.7659997940063,-13.692666053772
"background",154,154,15.3713331222534,26.3680000305176,3.75,1088,132,46,30.5855693817139,356,167,272,167,12.6326665878296,33.4941864013672,911.57177734375,33.7000007629395,-4.01599979400635,37.7159996032715,20.007999420166,3.75
"background",155,155,5.2276668548584,17.2520008087158,-7.54866647720337,819,95,36,25.0503768920898,265,142,247,147,10.5393333435059,27.6043319702148,1012.65252685547,24.4119987487793,-13.7679996490479,38.1800003051758,13.0480003356934,-6.70199966430664
"background",156,156,-1.75883328914642,14.1793327331543,-19.7220001220703,635,92,24,44.0644683837891,252,82,252,102,11.8223333358765,23.3624477386475,1380.33093261719,22.503999710083,-28.1000003814697,50.6040000915527,14.1793327331543,-11.9646663665771
"background",157,157,-2.45066666603088,14.6226673126221,-21.1366672515869,510,81,17,52.4905471801758,221,59,221,61,10.9440002441406,21.8129634857178,1446.7978515625,22.2840003967285,-27.8880004882812,50.1720008850098,14.6226673126221,-18.6026668548584
"background",158,158,0.683833420276642,9.52866649627686,-5.75466680526733,756,132,19,67.1428909301758,355,63,73,325,14.2376670837402,44.2053756713867,636.987243652344,19.2600002288818,-12.9479999542236,32.2080001831055,-4.33400011062622,8.3973331451416
"background",159,159,-10.6984996795654,8.99600028991699,-29.2733345031738,274,46,6,62.9963684082031,133,24,118,24,8.36233329772949,16.1809864044189,1585.14233398438,16.9160003662109,-34.7639999389648,51.6800003051758,8.28066635131836,-29.2733345031738
"background",160,160,4.2519998550415,14.0766668319702,-5.66533327102661,836,92,43,21.3276596069336,258,153,222,214,10.6160001754761,32.0570106506348,802.280639648438,21.8400001525879,-11.2760000228882,33.1160011291504,-1.0753333568573,0.136666715145111
"background",161,161,13.1676664352417,22.7526664733887,2.93799996376038,1341,128,83,11.5027666091919,368,291,346,332,12.3219995498657,36.9098968505859,798.811767578125,29.7360000610352,-3.64800000190735,33.3839988708496,20.7999992370605,18.9699993133545
"background",162,162,17.9375,27.78733253479,7.5959997177124,631,99,24,44.8991889953613,223,84,185,84,14.1550006866455,39.063362121582,817.780517578125,35.492000579834,-0.744000017642975,36.2360000610352,23.6193332672119,8.57333374023438
"background",163,163,6.45100021362305,18.6240005493164,-5.43866682052612,357,67,10,63.4108428955078,171,37,141,37,15.1586666107178,35.8564338684082,973.712036132812,28.7080001831055,-13.5679998397827,42.2760009765625,15.9113330841064,-5.43866682052612
"background",164,164,-11.4584999084473,9.61066627502441,-29.8726654052734,199,35,5,63.9058380126953,97,18,88,18,8.76433277130127,16.3367385864258,1634.5400390625,18.5400009155273,-35.1079978942871,53.6479988098145,7.91800022125244,-29.5113334655762
"background",165,165,-4.43283319473267,11.4073333740234,-21.0219993591309,526,88,24,46.0153656005859,226,76,226,88,11.929666519165,24.5385608673096,1333.31079101562,19.5279998779297,-29.0879993438721,48.6159973144531,11.4073333740234,-11.3446664810181
"background",166,166,9.75850009918213,20.9053325653076,-2.17533326148987,986,108,53,21.4286632537842,313,184,306,184,11.4056663513184,31.2586784362793,932.5712890625,28.2600002288818,-8.22799968719482,36.4879989624023,18.8093338012695,-2.17533326148987
"background",167,167,8.81433296203613,19.2220001220703,-0.710666656494141,270,33,9,34.018367767334,97,37,48,86,16.3706665039062,42.0277938842773,816.894836425781,31.5520000457764,-7.40000009536743,38.9519996643066,0.162666723132133,19.0133323669434
"background",168,168,-11.7363338470459,8.53533363342285,-30.1333332061768,265,51,7,63.6813278198242,131,25,116,27,7.15799999237061,13.8592004776001,1608.16186523438,16.2679996490479,-35.3800010681152,51.6480026245117,7.66866636276245,-30.0400009155273
"background",169,169,-6.77349996566772,11.7519998550415,-25.4553337097168,244,44,8,53.756275177002,107,31,94,36,8.3769998550415,16.8619155883789,1527.51000976562,18.8040008544922,-30.8759994506836,49.6800003051758,10.3806667327881,-18.3486671447754
"background",170,170,1.77983319759369,14.7413330078125,-12.7993335723877,458,80,19,54.1814270019531,212,60,212,73,11.3909997940063,27.2147369384766,1133.55895996094,21.8640003204346,-19.992000579834,41.8560028076172,14.7413330078125,-3.89466691017151
"background",171,171,9.3241662979126,22.2453327178955,-3.58266663551331,583,98,12,61.0121269226074,267,41,252,41,14.3123331069946,33.3589744567871,1047.13842773438,31.0839996337891,-11.8199996948242,42.9039993286133,19.6013336181641,-3.58266663551331
"background",172,172,8.42049980163574,21.5499992370605,-6.16066694259644,838,110,23,44.6473007202148,320,85,320,85,11.0409994125366,26.2381172180176,1117.72827148438,28.7159996032715,-13.3640003204346,42.0800018310547,21.5499992370605,-6.16066694259644
"background",173,173,-8.54616641998291,7.63199996948242,-22.6646671295166,492,79,21,45.5842323303223,206,74,206,81,11.1136665344238,24.5595035552979,1265.54748535156,15.5,-29.7519989013672,45.2519989013672,7.63199996948242,-9.99533367156982
"background",174,174,19.1533336639404,26.7946662902832,11.010666847229,1671,195,95,20.8301849365234,526,329,526,392,11.8079996109009,41.6713714599609,644.834045410156,32.5839996337891,4.2480001449585,28.3359985351562,26.7946662902832,15.3413333892822
"background",175,175,8.05883312225342,19.2526664733887,-2.09599995613098,393,70,12,53.0501289367676,172,45,128,45,14.9503335952759,38.468334197998,867.643981933594,29.931999206543,-8.93200016021729,38.8639984130859,11.9106664657593,-2.09599995613098
"background",176,176,1.62383353710175,16.5713329315186,-15.8199996948242,403,73,12,61.2210311889648,196,49,196,51,11.951000213623,25.3456916809082,1323.10827636719,23.7919998168945,-23.3599987030029,47.1520004272461,16.5713329315186,-13.0306663513184
"background",177,177,5.5111665725708,12.5646667480469,-0.749333322048187,3388,472,110,46.7416839599609,1362,384,384,1126,6.8129997253418,30.6009712219238,555.485168457031,17.9799995422363,-4.28399991989136,22.2639999389648,2.27533340454102,12.5646667480469
"background",178,178,2.65350008010864,9.43400001525879,-3.77600002288818,2253,346,111,37.9573402404785,850,344,441,585,7.44899988174438,33.2782325744629,548.905700683594,14.5,-7.88399982452393,22.3839988708496,3.14400005340576,5.32666683197021
"background",179,179,11.1851663589478,19.6560001373291,3.65266680717468,231,33,7,44.375804901123,90,26,26,90,13.1963329315186,42.3285026550293,658.734619140625,29.4559993743896,-1.72000002861023,31.1759986877441,4.75133323669434,19.6560001373291
"background",180,180,4.07616662979126,18.7826671600342,-11.974666595459,445,82,12,59.9768524169922,202,43,190,43,12.7816667556763,26.9837589263916,1247.29565429688,27.2320003509521,-20.1359996795654,47.3680000305176,16.3366661071777,-11.974666595459
"background",181,181,15.7561664581299,24.7506675720215,6.63866662979126,403,88,9,76.587646484375,213,33,173,37,14.9010000228882,44.0180778503418,734.1962890625,32.4080009460449,-1.44400000572205,33.8520011901855,23.5833339691162,8.21066665649414
"background",182,182,4.44066667556763,14.9833335876465,-6.08533334732056,515,88,25,46.3457412719727,207,76,175,76,13.1666669845581,34.8841323852539,857.285461425781,24.0520000457764,-13.6920003890991,37.7439994812012,8.48466682434082,-6.08533334732056
"background",183,183,8.21950054168701,18.173999786377,-0.920000076293945,411,48,14,26.8892040252686,130,66,94,113,16.0643329620361,43.0402221679688,782.033203125,28.488000869751,-8.83600044250488,37.3240013122559,0.349999904632568,11.1313333511353
"background",184,184,6.67216682434082,21.0766658782959,-9.50333309173584,704,117,17,55.6654586791992,298,54,298,54,11.7370004653931,25.7254943847656,1238.57043457031,28.3959999084473,-17.2280006408691,45.6240005493164,21.0766658782959,-9.50333309173584
"background",185,185,18.4158325195312,26.6233329772949,9.50133323669434,790,114,37,38.9489288330078,272,123,212,123,13.6283330917358,41.8047027587891,695.232360839844,33.9519996643066,1.35199999809265,32.5999984741211,22.0266666412354,9.50133323669434
"background",186,186,-6.94766664505005,8.1899995803833,-22.6633338928223,239,41,9,54.2987251281738,106,28,96,31,8.30799961090088,19.640661239624,1297.30236816406,14.1999998092651,-28.1000003814697,42.2999992370605,7.61199998855591,-17.6033344268799
"background",187,187,9.35499954223633,21.9986667633057,-3.1159999370575,493,84,9,66.6075820922852,243,31,212,31,15.5766668319702,36.1877784729004,1019.59075927734,31.3279991149902,-11.7159996032715,43.0439987182617,19.3766670227051,-3.1159999370575
"background",188,188,-9.19316673278809,10.4040002822876,-27.8406677246094,306,55,8,59.8497543334961,147,31,128,35,8.01433372497559,15.6212635040283,1576.70178222656,17.9039993286133,-33.4000015258789,51.3040008544922,9.53933334350586,-27.1246662139893
"background",189,189,-3.38150000572205,9.17666625976562,-15.4066667556763,335,54,7,47.1743049621582,139,39,139,72,11.5129995346069,28.9184169769287,1014.14501953125,16.8759994506836,-22.935998916626,39.8119964599609,9.17666625976562,-4.12466669082642
"background",190,190,3.28133320808411,12.3506669998169,-5.63533353805542,1558,219,63,41.1409225463867,569,211,245,500,8.04800033569336,28.9163551330566,734.560546875,18.5599994659424,-9.27200031280518,27.8320007324219,-1.55200004577637,10.493332862854
"background",191,191,17.6386661529541,27.6119995117188,7.22466659545898,660,90,25,39.7040901184082,223,92,187,96,14.1180000305176,38.7388877868652,823.638122558594,35.4039993286133,-1.03999996185303,36.4440002441406,22.0200004577637,8.27200031280518
"background",192,192,23.7910003662109,33.164665222168,14.7639999389648,103,15,1,51.9759101867676,40,5,25,34,15.235333442688,44.2270469665527,760.739074707031,41.8199996948242,7.37200021743774,34.447998046875,30.0926666259766,26.5866661071777
"background",193,193,7.31866693496704,18.1533336639404,-2.98066663742065,304,34,14,27.4954128265381,97,47,47,86,15.3120002746582,38.7802658081055,860.004089355469,29.9080009460449,-9.57600021362305,39.484001159668,-1.64800012111664,18.1533336639404
"background",194,194,-8.99883365631104,10.4779996871948,-27.783332824707,327,57,9,60.5285263061523,156,33,141,35,8.55233287811279,16.5781440734863,1574.43688964844,18.1840000152588,-33.4039993286133,51.5879974365234,9.57733345031738,-26.8473339080811
"background",195,195,2.6233332157135,18.203332901001,-15.1166667938232,579,106,18,58.6768188476562,261,66,261,68,12.1253337860107,24.3637142181396,1347.32604980469,26.1440010070801,-23.6240005493164,49.7680015563965,18.203332901001,-12.496000289917
"background",196,196,15.9830007553101,25.0413341522217,7.11333322525024,330,74,4,78.8924102783203,182,20,149,69,19.3420009613037,50.9053573608398,733.890441894531,35.2200012207031,-2.77600002288818,37.9960021972656,24.3593330383301,19.5713329315186
"background",197,197,2.96283340454102,18.0573329925537,-13.7340002059937,462,79,12,62.9773597717285,215,43,215,43,12.5503330230713,26.4976215362549,1294.39099121094,25.8039989471436,-21.5599994659424,47.3639984130859,18.0573329925537,-13.7340002059937
"background",198,198,6.93816661834717,17.9853324890137,-3.70000004768372,357,64,12,55.0514640808105,156,45,131,45,14.139666557312,36.2369728088379,876.586059570312,28.2119998931885,-10.8079996109009,39.0200004577637,15.3826665878296,-3.70000004768372
"background",199,199,19.4156665802002,27.3253326416016,10.8586673736572,1575,154,115,9.76953506469727,433,356,388,420,11.7146673202515,40.3453178405762,670.070129394531,33.2000007629395,4.16400003433228,29.0360012054443,11.9499998092651,24.1940002441406
"background",200,200,12.2801666259766,22.1466655731201,2.06666684150696,987,100,68,13.079761505127,283,206,276,206,13.5536670684814,39.0280647277832,811.651916503906,30.0520000457764,-4.67600011825562,34.7280006408691,20.2299995422363,2.06666684150696
"background",201,201,1.49950003623962,15.1073331832886,-13.510666847229,972,109,55,20.6238231658936,296,174,269,213,12.2736663818359,27.1998634338379,1164.47216796875,23.003999710083,-22.1200008392334,45.1240005493164,10.039999961853,-6.65333318710327
"background",202,202,9.36966705322266,18.3973331451416,1.07999992370605,383,50,11,37.7771606445312,139,44,52,124,14.1319999694824,41.559814453125,711.356018066406,29.576000213623,-4.42799997329712,34.0040016174316,1.65000009536743,18.2959995269775
"background",203,203,7.39566659927368,20.2959995269775,-5.17666673660278,376,67,13,54.8571281433105,170,45,127,45,15.8273334503174,35.1499786376953,1026.72546386719,31.07200050354,-13.956000328064,45.0279998779297,12.4026670455933,-5.17666673660278
"background",204,204,5.16266679763794,16.9306659698486,-5.6933331489563,511,87,17,55.4864807128906,230,59,187,59,12.6593332290649,32.9807548522949,923.783081054688,25.5799999237061,-12.8039999008179,38.3839988708496,8.97466659545898,-5.6933331489563
"background",205,205,-6.31233358383179,12.7213335037231,-25.3240013122559,407,68,13,57.0111961364746,188,44,173,47,9.58866691589355,18.5381374359131,1551.44506835938,20.564001083374,-31.1599998474121,51.7239990234375,11.3866662979126,-23.8653335571289
"background",206,206,5.40883350372314,15.67799949646,-4.11666679382324,352,49,20,25.9328804016113,120,72,104,72,16.2049999237061,41.9601249694824,810.649169921875,26.3959999084473,-12.2239999771118,38.6199989318848,15.4800004959106,-4.11666679382324
"background",207,207,16.0656661987305,25.0440006256104,6.70333337783813,1288,143,86,15.5576286315918,390,269,310,354,12.5240001678467,39.1766738891602,741.318786621094,31.9640007019043,-0.00400000018998981,31.9680004119873,8.256667137146,16.6246662139893
"background",208,208,6.27950000762939,13.0566673278809,0.393999963998795,1937,296,56,51.6391143798828,830,204,209,730,7.97566699981689,35.3030586242676,524.896423339844,19.6240005493164,-2.96799993515015,22.5920009613037,0.791333317756653,12.746000289917
"background",209,209,1.04566669464111,13.7480001449585,-12.8013334274292,482,85,21,52.4568901062012,218,69,218,70,10.3100004196167,26.1781425476074,1096.20642089844,20.6240005493164,-18.7600002288818,39.3840026855469,13.7480001449585,-4.8120002746582
"background",210,210,13.5289993286133,24.6313323974609,2.56666660308838,461,73,10,60.4293556213379,205,38,201,38,15.92799949646,39.9919662475586,893.490661621094,33.4679985046387,-6.3600001335144,39.8279991149902,22.3646659851074,2.56666660308838
"background",211,211,-0.387500047683716,9.60200023651123,-9.93533325195312,825,89,39,22.2621288299561,244,140,244,214,15.9689998626709,41.7905387878418,814.295837402344,19.1159992218018,-19.0960006713867,38.2119979858398,9.60200023651123,1.91000008583069
"background",212,212,18.3341674804688,26.9820003509521,9.11933326721191,1443,159,81,21.917121887207,434,262,289,422,12.4370002746582,39.5981903076172,724.778869628906,33.4360008239746,2.02799987792969,31.4080009460449,10.6599998474121,23.4619998931885
"background",213,213,-1.98233330249786,8.45600032806396,-11.0699996948242,861,94,42,21.2230453491211,258,152,258,218,15.4253330230713,40.371997833252,808.742248535156,17.996000289917,-20.2119998931885,38.2080001831055,8.45600032806396,-0.682000041007996
"background",214,214,11.1119995117188,23.9966659545898,-2.11399984359741,700,104,13,54.5672569274902,284,51,265,51,13.8213338851929,32.3351440429688,1054.29809570312,32.5439987182617,-10.1999998092651,42.7439994812012,21.3966674804688,-2.11399984359741
"background",215,215,18.8973331451416,27.792667388916,9.44466686248779,1028,118,53,22.6659202575684,302,193,193,233,13.0260000228882,39.220760345459,744.043151855469,35.2120018005371,2,33.2120018005371,19.6286659240723,27.792667388916
"background",216,216,0.348833411931992,14.5766668319702,-16.5,488,97,16,66.5605926513672,245,58,245,61,12.2936668395996,25.1919403076172,1273.03662109375,22.1960010528564,-26.6040000915527,48.8000030517578,14.5766668319702,-13.6246662139893
"background",217,217,3.11566662788391,18.0846672058105,-13.6960000991821,391,72,13,59.8161354064941,185,48,178,49,12.0093336105347,25.471565246582,1290.60693359375,25.8319988250732,-21.3159999847412,47.1479988098145,15.8353328704834,-11.0766668319702
"background",218,218,6.21566677093506,20.7806663513184,-10.1193332672119,561,95,13,57.2844581604004,240,44,240,44,12.0646667480469,25.8720760345459,1255.34228515625,28.492000579834,-18.1400012969971,46.6320037841797,18.8113327026367,-10.1193332672119
"background",219,219,12.0881662368774,23.2133331298828,1.50866663455963,405,70,8,65.2318267822266,189,25,184,25,17.0289993286133,41.906192779541,881.6064453125,32.8559989929199,-7.78000020980835,40.6359977722168,20.8379993438721,1.50866663455963
"background",220,220,-3.00933313369751,13.9026670455933,-21.4953327178955,599,89,21,48.4452705383301,252,74,240,80,11.1006669998169,21.8534259796143,1440.76037597656,21.996000289917,-28.7999992370605,50.7959976196289,12.6806669235229,-20.0419998168945
"background",221,221,14.0638332366943,23.6226673126221,4.66866636276245,333,63,10,60.0463829040527,161,40,144,54,17.5189990997314,47.0687789916992,773.138427734375,32.9160003662109,-4.30399990081787,37.2200012207031,22.6113338470459,9.6473331451416
"background",222,222,2.26999998092651,12.1686668395996,-8.42199993133545,509,56,21,26.6161823272705,160,78,145,132,11.5513334274292,33.4278678894043,837.570739746094,19.8039989471436,-14.7519998550415,34.5559997558594,-2.99666666984558,-2.03200006484985
"background",223,223,6.96733331680298,16.1280002593994,-0.871333301067352,461,56,11,38.238395690918,159,50,50,145,14.4433336257935,42.8280563354492,702.518188476562,27.003999710083,-6.71999979019165,33.7239990234375,-0.0533333607017994,16.1280002593994
"background",224,224,3.77649998664856,15.5900001525879,-8.92866706848145,407,82,13,65.3706665039062,195,40,180,40,13.2469997406006,32.5415153503418,1001.166015625,23.5880012512207,-17.1200008392334,40.7080001831055,13.5606670379639,-8.92866706848145
"background",225,225,17.5176658630371,26.1319999694824,8.4573335647583,1522,171,86,21.2717266082764,464,278,344,449,13.804666519165,42.7972030639648,718.162536621094,33.1640014648438,0.907999992370605,32.2560005187988,10.0453329086304,22.6466674804688
"background",226,226,2.94566655158997,12.8173332214355,-7.12466669082642,753,86,42,21.0466747283936,225,138,222,178,10.6319999694824,31.8705043792725,813.841491699219,20.6919994354248,-12.6680002212524,33.3600006103516,10.7159996032715,-1.35600006580353
"background",227,227,13.8056669235229,24.5033340454102,2.31733322143555,1196,122,74,17.0819625854492,355,267,274,267,13.3500003814697,35.250316619873,893.664367675781,32.560001373291,-5.3120002746582,37.8720016479492,13.6866664886475,2.31733322143555
"background",228,228,-3.96583342552185,8.42533302307129,-15.481333732605,619,104,25,47.2449913024902,264,85,264,104,10.9429998397827,28.9711952209473,992.386596679688,15.543999671936,-22.2280006408691,37.7719993591309,8.42533302307129,-10.1473331451416
"background",229,229,17.4998340606689,28.060001373291,6.58133316040039,632,89,22,44.9902458190918,220,79,188,80,15.0783338546753,39.168571472168,868.603149414062,36.3920021057129,-2.10399985313416,38.4960021972656,23.5746669769287,7.68133354187012
"background",230,230,16.8656673431396,22.9546661376953,12.0446662902832,429,83,2,87.1916732788086,237,11,20,220,14.7466659545898,54.5768585205078,448.936279296875,31.9919986724854,4.97200012207031,27.019998550415,12.203332901001,22.0653324127197
"background",231,231,7.40666675567627,18.054666519165,-2.43199992179871,357,41,14,30.0022926330566,110,49,49,100,15.6940002441406,40.3030319213867,839.601867675781,29.7520008087158,-9.1879997253418,38.9400024414062,5.41800022125244,18.054666519165
"background",232,232,14.800666809082,25.3646678924561,3.62666654586792,1190,126,73,18.0095024108887,360,253,253,268,13.4206666946411,36.0150985717773,875.251953125,33.3800010681152,-3.8840000629425,37.2639999389648,14.7493333816528,25.3646678924561
"background",233,233,-5.74016666412354,8.89133358001709,-20.2379989624023,539,81,25,37.8865242004395,207,82,207,101,12.2969999313354,27.6138515472412,1199.49365234375,16.6840000152588,-27.8479995727539,44.5319976806641,8.89133358001709,-12.9786672592163
"background",234,234,8.92500019073486,22.3520011901855,-5.37533330917358,603,90,12,53.4695320129395,253,48,233,48,13.2666664123535,30.5261535644531,1121.27551269531,30.2800006866455,-13.1800003051758,43.4599990844727,20.1726665496826,-5.37533330917358
"background",235,235,10.7688331604004,21.541332244873,0.446666717529297,244,46,11,55.4392318725586,115,35,96,35,18.0083332061768,44.0560073852539,854.936340332031,32.2039985656738,-8.67199993133545,40.8759994506836,20.7360000610352,0.446666717529297
"background",236,236,17.175666809082,26.5233325958252,7.35333347320557,1371,140,85,14.9103364944458,394,279,292,371,13.1706666946411,39.437858581543,775.147583007812,33.4959983825684,0.100000001490116,33.3959999084473,17.1253337860107,22.6533336639404
"background",237,237,9.13983345031738,21.2533340454102,-2.14666676521301,452,81,10,68.7997589111328,227,30,193,30,16.2049999237061,38.3822822570801,952.385314941406,31.496000289917,-10.7239999771118,42.2200012207031,18.4953327178955,-2.14666676521301
"background",238,238,20.0481662750244,31.7973327636719,8.99266624450684,146,20,3,43.3078918457031,54,14,34,46,13.951000213623,36.0044364929199,932.967895507812,41.0120010375977,2.26399993896484,38.7480010986328,11.007999420166,24.0753326416016
"background",239,239,-4.07016658782959,10.7293329238892,-19.8840007781982,515,77,23,39.0244827270508,203,74,203,96,11.5909996032715,25.0410461425781,1257.97509765625,18.3479995727539,-27.9400005340576,46.2880020141602,10.7293329238892,-10.300666809082
"background",240,240,9.56266689300537,22.8279991149902,-4.92866659164429,708,103,15,53.5695533752441,292,53,267,53,12.5066661834717,29.2731647491455,1121.98999023438,30.2080001831055,-12.5159997940063,42.7239990234375,20.792667388916,-4.92866659164429
"background",241,241,19.6113338470459,27.3146667480469,11.1579999923706,1528,144,105,12.146092414856,423,325,415,386,10.9806671142578,38.8999099731445,659.333557128906,32.9599990844727,4.73199987411499,28.2279987335205,25.982666015625,15.768666267395
"background",242,242,17.9656658172607,27.0226669311523,8.46066665649414,1372,141,79,17.6664161682129,393,263,280,392,12.467999458313,38.7541961669922,752.601501464844,33.6440010070801,1.47200000286102,32.1720008850098,17.966667175293,26.4099998474121
"background",243,243,12.6978330612183,22.4393329620361,2.61199998855591,1066,106,74,11.9405908584595,296,228,290,228,12.5536670684814,37.4110946655273,800.945373535156,29.6719989776611,-3.8840000629425,33.5559997558594,20.4913330078125,2.61199998855591
"background",244,244,4.40133333206177,18.8286666870117,-11.558666229248,434,86,12,64.8874740600586,206,38,190,38,13.4653329849243,28.2908916473389,1235.82080078125,27.7080001831055,-19.8880004882812,47.5960006713867,16.5179996490479,-11.558666229248
"background",245,245,4.42000007629395,19.0860004425049,-11.593334197998,367,62,9,64.3730621337891,176,32,165,32,13.2519998550415,27.9578056335449,1244.68322753906,27.7040004730225,-19.6960010528564,47.4000015258789,16.7126655578613,-11.593334197998
"background",246,246,7.75766658782959,21.1513328552246,-7.18066644668579,794,104,21,47.7560386657715,304,77,303,77,11,25.5599975585938,1142.96826171875,28.3599987030029,-14.6759996414185,43.0359992980957,19.9720001220703,-7.18066644668579
"background",247,247,12.2515001296997,24.253999710083,0.859333276748657,213,27,7,29.7491188049316,73,33,54,50,15.1909999847412,37.0910263061523,948.388427734375,34.4519996643066,-6.50400018692017,40.9560012817383,18.9566669464111,16.6006660461426
"background",248,248,8.84249973297119,19.0273323059082,-1.59133338928223,309,55,9,60.5335731506348,151,33,36,139,13.7349996566772,38.1146621704102,837.156127929688,29.1840000152588,-6.85200023651123,36.0359992980957,-0.984000027179718,18.6153335571289
"background",249,249,-10.8229999542236,8.89000034332275,-28.7066669464111,233,41,8,57.3275566101074,107,26,99,27,7.15666675567627,14.5377969741821,1563.24291992188,15.4359998703003,-33.7919998168945,49.2280006408691,7.6486668586731,-28.1826667785645
"background",250,250,6.39666652679443,21.0106658935547,-9.11866664886475,415,76,8,63.6402473449707,189,28,176,28,13.4926662445068,28.7518463134766,1221.86108398438,29.8079986572266,-17.1200008392334,46.9280014038086,18.4639987945557,-9.11866664886475
"background",251,251,10.4988327026367,21.8659992218018,-1.84133327007294,1044,118,61,20.6316947937012,326,203,299,203,11.9343328475952,31.8248882293701,957.004211425781,29.2479991912842,-8.2519998550415,37.5,19.8920001983643,-1.84133327007294
"background",252,252,9.6051664352417,20.681999206543,-0.650000095367432,215,29,8,28.0142955780029,69,35,41,56,17.2789993286133,41.484203338623,868.336181640625,33.5359992980957,-8.11600017547607,41.6520004272461,12.6753330230713,20.3333339691162
"background",253,253,2.46933341026306,17.992000579834,-15.3193330764771,583,101,17,57.3507194519043,264,65,264,68,11.6759996414185,23.8188495635986,1352.60229492188,25.6520004272461,-23.3680000305176,49.0200004577637,17.992000579834,-12.7073335647583
"background",254,254,8.95650005340576,19.4419994354248,-0.645333290100098,269,34,9,34.9058036804199,97,36,47,85,16.4643325805664,42.0265808105469,823.754211425781,31.8239994049072,-7.35200023651123,39.1759986877441,0.214000105857849,19.246000289917
"background",255,255,0.490166574716568,14.8633327484131,-15.7973337173462,826,99,40,27.3261394500732,277,139,262,147,12.5629997253418,26.1991157531738,1244.84704589844,22.9200000762939,-25.0319995880127,47.9519996643066,13.7699995040894,-14.2766666412354
"background",256,256,-5.56366682052612,13.1040000915527,-24.4799995422363,416,67,13,55.759521484375,187,47,181,49,10.3966665267944,19.8910751342773,1522.06640625,20.8839988708496,-31.3839988708496,52.2679977416992,11.0853328704834,-22.4213333129883
"background",257,257,13.871166229248,23.8819999694824,3.59666681289673,1094,104,75,9.46815586090088,296,247,289,255,13.2583332061768,38.0549163818359,818.942199707031,31.3479995727539,-3.49200010299683,34.8400001525879,23.2173328399658,5.25799989700317
"background",258,258,6.51333332061768,20.593334197998,-8.26200008392334,370,80,8,71.5567855834961,185,28,165,28,13.8760004043579,29.9387245178223,1167.74145507812,29.8479995727539,-16.5,46.3479995727539,18.0266666412354,-8.26200008392334
"background",259,259,-7.20700025558472,12.6840000152588,-27.1606674194336,269,44,8,47.8824729919434,109,33,106,45,8.88933372497559,16.7092723846436,1631.26184082031,19.3479995727539,-33.8520011901855,53.2000007629395,10.6693334579468,-18.9580001831055
"background",260,260,7.67816638946533,17.2999992370605,-2.48000001907349,1353,138,100,10.1912202835083,382,311,360,311,10.7410001754761,33.1676139831543,804.303161621094,23.57200050354,-8.8120002746582,32.3840026855469,15.4233331680298,-2.48000001907349
"background",261,261,-12.5976667404175,8.62466716766357,-31.6280002593994,256,47,8,60.6872482299805,122,27,112,27,7.36400032043457,13.7778768539429,1667.32275390625,16.5440006256104,-36.9040031433105,53.4480056762695,7.51933336257935,-31.3413333892822
"background",262,262,17.8508338928223,26.7393341064453,8.46866703033447,1263,142,73,15.8971214294434,353,261,273,338,13.2276668548584,40.7456436157227,740.886169433594,33.6640014648438,1.20000004768372,32.4640007019043,21.6633338928223,26.2973327636719
"background",263,263,9.14866638183594,20.3246669769287,-0.864000022411346,270,30,14,22.333517074585,82,49,70,49,16.3819999694824,40.8284339904785,865.174499511719,31.4879989624023,-8.63599967956543,40.1240005493164,15.796667098999,-0.864000022411346
"background",264,264,-6.82766675949097,9.8120002746582,-22.6073341369629,481,77,23,44.4899291992188,196,73,196,77,11.6633329391479,24.4268531799316,1340.47106933594,17.8759994506836,-29.8719997406006,47.7480010986328,9.8120002746582,-14.782000541687
"background",265,265,-9.64433288574219,-0.271333336830139,-17.0480003356934,1126,135,47,28.9579811096191,380,173,368,284,7.80599975585938,29.4255123138428,713.695861816406,4.15199995040894,-22.3759994506836,26.5279998779297,-1.14866673946381,-11.547999382019
"background",266,266,12.342999458313,22.4593334197998,3.46066665649414,232,42,8,62.8883819580078,113,24,24,113,18.8306674957275,47.1002159118652,785.900573730469,34.1679992675781,-5.8120002746582,39.9799995422363,3.46066665649414,22.4593334197998
"background",267,267,-4.59566640853882,13.1693334579468,-22.423999786377,292,42,12,37.6868286132812,111,46,107,51,10.452000617981,20.8140830993652,1470.32409667969,21.1760005950928,-29.0400009155273,50.2160034179688,12.0346670150757,-14.8540000915527
"background",268,268,7.75050020217896,20.5726661682129,-4.80466651916504,345,63,10,59.5653343200684,160,36,121,36,15.8850002288818,35.5719261169434,1026.02893066406,30.988000869751,-13.6680002212524,44.6560020446777,12.8986663818359,-4.80466651916504
"background",269,269,8.67733287811279,22.2573337554932,-4.88533306121826,434,77,9,64.877326965332,211,30,178,30,15.6079998016357,34.1501846313477,1100.73657226562,32.1279983520508,-13.576000213623,45.7039985656738,19.4060001373291,-4.88533306121826
"background",270,270,2.57216668128967,15.3159999847412,-11.6946668624878,473,92,16,65.1248550415039,235,58,235,58,11.6383333206177,28.5926055908203,1106.06359863281,21.931999206543,-18.7719993591309,40.7039985656738,15.3159999847412,-3.98866677284241
"background",271,271,8.84833335876465,21.7626667022705,-4.03933334350586,551,92,11,60.7261695861816,254,40,223,40,15.2073335647583,34.8057632446289,1047.85241699219,31.007999420166,-12.6840000152588,43.6920013427734,19.1646671295166,-4.03933334350586
"background",272,272,10.2823333740234,22.6026668548584,-1.64800000190735,146,22,5,36.0380744934082,52,20,37,20,14.703332901001,35.0446472167969,974.854309082031,33.3400001525879,-8.61600017547607,41.9560012817383,14.8540000915527,-1.64800000190735
"background",273,273,18.0136661529541,26.779333114624,8.81333351135254,1226,129,71,15.1795330047607,338,257,263,325,12.9019994735718,40.0982093811035,729.603820800781,33.7000007629395,1.52400004863739,32.1760025024414,21.7573337554932,26.32200050354
"background",274,274,-6.33349990844727,10.2666664123535,-21.5139999389648,370,63,11,51.5801620483398,164,42,164,64,11.5769996643066,24.1650657653809,1319.49462890625,18.4839992523193,-29.423999786377,47.9079971313477,10.2666664123535,-14.2533330917358
"background",275,275,18.7426662445068,26.4893341064453,10.4626665115356,1668,188,83,19.0619525909424,491,333,491,419,12.5806674957275,42.9491577148438,654.574951171875,32.7080001831055,3.41600012779236,29.2919998168945,26.4893341064453,19.4693336486816
"background",276,276,-8.08950042724609,12.0093336105347,-27.3566665649414,323,52,10,52.4116554260254,141,35,132,35,9.63099956512451,17.8815441131592,1616.66271972656,19.8640003204346,-33.9959983825684,53.8600006103516,10.3413333892822,-27.3566665649414
"background",277,277,-3.42533326148987,10.7560005187988,-18.2113342285156,331,61,8,55.9261283874512,150,35,146,55,12.4446668624878,27.1196537017822,1179.67138671875,19.1720008850098,-26.7159996032715,45.8880004882812,9.05200004577637,-9.90533351898193
"background",278,278,0.0708333551883698,14.953332901001,-16.486665725708,815,106,26,39.221492767334,304,111,283,121,9.56099987030029,21.1864032745361,1283.4140625,21.92799949646,-23.2000007629395,45.1279983520508,13.8886661529541,-15.4180002212524
"background",279,279,11.75,24.1800003051758,-0.382666736841202,514,80,13,58.8095626831055,235,42,220,42,15.8266668319702,36.7480850219727,994.425842285156,33.7680015563965,-9.30000019073486,43.068000793457,21.5606670379639,-0.382666736841202
"background",280,280,1.25133335590363,10.2573328018188,-6.06733322143555,585,63,35,19.7153606414795,180,118,171,118,13.4673328399658,41.4328498840332,688.090026855469,19.6079998016357,-12.8959999084473,32.5039978027344,3.10133337974548,-6.06733322143555
"background",281,281,1.46849989891052,15.6513328552246,-14.5059995651245,754,85,39,28.0065727233887,249,126,247,126,12.6223335266113,26.842321395874,1225.060546875,23.8319988250732,-23.1919994354248,47.023998260498,14.543999671936,-14.5059995651245
"background",282,282,2.43199992179871,18.1746673583984,-15.5526666641235,531,87,17,51.3296127319336,229,67,229,67,11.7560005187988,23.9234848022461,1369.12890625,25.6040000915527,-23.5359992980957,49.1399993896484,18.1746673583984,-15.5526666641235
"background",283,283,2.37150001525879,17.185998916626,-14.3653335571289,429,77,13,59.5157699584961,201,53,201,54,11.8529996871948,24.9557857513428,1281.08361816406,25.0559997558594,-22.4400005340576,47.4960021972656,17.185998916626,-11.8186664581299
"background",284,284,17.9293327331543,27.7993335723877,8.96466636657715,217,35,3,48.5161209106445,77,20,60,70,13.8213338851929,40.6988639831543,783.738342285156,36.6279983520508,2.66799998283386,33.9599990844727,9.83866691589355,20.2959995269775
"background",285,285,-8.26466655731201,9.87466621398926,-24.6406669616699,351,63,11,59.456111907959,172,39,172,58,12.3999996185303,24.5953674316406,1439.61560058594,18.2919998168945,-32.1240005493164,50.4160003662109,9.87466621398926,-17.9966659545898
"background",286,286,5.81949996948242,15.8053331375122,-3.51133322715759,311,60,8,60.1239814758301,144,31,141,31,16.5143337249756,43.2402954101562,786.096374511719,25.92799949646,-12.2639999389648,38.1920013427734,14.9913330078125,-3.51133322715759
"background",287,287,-5.73083353042603,13.2039995193481,-25.2046661376953,421,69,12,54.5185852050781,184,47,179,50,10.5763330459595,20.04612159729,1557.89770507812,20.8239994049072,-31.935998916626,52.7599983215332,11.3466663360596,-23.050666809082
"background",288,288,5.08549976348877,17.5599994659424,-8.41533374786377,813,104,38,25.603343963623,264,139,234,143,11.0609998703003,27.484842300415,1058.61108398438,25.507999420166,-14.7360000610352,40.2439994812012,16.7813339233398,-7.55533313751221
"background",289,289,10.2360000610352,21.2959995269775,-1.689333319664,1026,113,59,20.6833343505859,324,196,313,196,11.8593330383301,32.2650260925293,929.157531738281,28.7840003967285,-7.97200012207031,36.7560005187988,19.2093334197998,-1.689333319664
"background",290,290,4.99599981307983,15.6026668548584,-5.27799987792969,420,44,25,17.727201461792,123,80,116,80,16.5993328094482,41.0143661499023,859.69580078125,27.0599994659424,-13.4119997024536,40.4720001220703,15.5053329467773,-5.27799987792969
"background",291,291,6.83423900604248,12.0869560241699,2.85072469711304,3006,422,85,46.3354454040527,1177,318,437,1008,4.47499990463257,29.946174621582,387.438507080078,15.3130435943604,0.369565218687057,14.9434785842896,5.12173938751221,11.512318611145
